{
 "cells": [
  {
   "cell_type": "code",
   "id": "initial_id",
   "metadata": {
    "collapsed": true,
    "ExecuteTime": {
     "end_time": "2024-11-17T05:04:06.572637Z",
     "start_time": "2024-11-17T05:04:06.339766Z"
    }
   },
   "source": [
    "import warnings\n",
    "import numpy as np\n",
    "import pandas as pd\n",
    "import seaborn as sns\n",
    "import matplotlib.pyplot as plt\n",
    "\n",
    "from sklearn.datasets import make_classification\n",
    "from sklearn.model_selection import train_test_split, GridSearchCV, StratifiedKFold, RandomizedSearchCV\n",
    "from sklearn.linear_model import LogisticRegression\n",
    "from sklearn.metrics import accuracy_score, confusion_matrix, classification_report\n",
    "%matplotlib inline\n",
    "warnings.filterwarnings('ignore')"
   ],
   "outputs": [],
   "execution_count": 1
  },
  {
   "metadata": {
    "ExecuteTime": {
     "end_time": "2024-11-17T05:07:46.558885Z",
     "start_time": "2024-11-17T05:07:46.542748Z"
    }
   },
   "cell_type": "code",
   "source": "X, y = make_classification(n_samples=1000, n_features=10, n_informative=3, n_classes=3, random_state=15)",
   "id": "c7e574637eb91fc",
   "outputs": [],
   "execution_count": 3
  },
  {
   "metadata": {
    "ExecuteTime": {
     "end_time": "2024-11-17T05:07:51.613917Z",
     "start_time": "2024-11-17T05:07:51.601587Z"
    }
   },
   "cell_type": "code",
   "source": "X_train, X_test, y_train, y_test = train_test_split(X, y, test_size=0.30, random_state=42)",
   "id": "fee2b231ab09b2e0",
   "outputs": [],
   "execution_count": 4
  },
  {
   "metadata": {
    "ExecuteTime": {
     "end_time": "2024-11-17T05:09:08.971936Z",
     "start_time": "2024-11-17T05:09:08.951940Z"
    }
   },
   "cell_type": "code",
   "source": [
    "model1 = LogisticRegression(multi_class='ovr')\n",
    "model1.fit(X_train, y_train)"
   ],
   "id": "b58a4ebcb7af3794",
   "outputs": [
    {
     "data": {
      "text/plain": [
       "LogisticRegression(multi_class='ovr')"
      ],
      "text/html": [
       "<style>#sk-container-id-2 {\n",
       "  /* Definition of color scheme common for light and dark mode */\n",
       "  --sklearn-color-text: black;\n",
       "  --sklearn-color-line: gray;\n",
       "  /* Definition of color scheme for unfitted estimators */\n",
       "  --sklearn-color-unfitted-level-0: #fff5e6;\n",
       "  --sklearn-color-unfitted-level-1: #f6e4d2;\n",
       "  --sklearn-color-unfitted-level-2: #ffe0b3;\n",
       "  --sklearn-color-unfitted-level-3: chocolate;\n",
       "  /* Definition of color scheme for fitted estimators */\n",
       "  --sklearn-color-fitted-level-0: #f0f8ff;\n",
       "  --sklearn-color-fitted-level-1: #d4ebff;\n",
       "  --sklearn-color-fitted-level-2: #b3dbfd;\n",
       "  --sklearn-color-fitted-level-3: cornflowerblue;\n",
       "\n",
       "  /* Specific color for light theme */\n",
       "  --sklearn-color-text-on-default-background: var(--sg-text-color, var(--theme-code-foreground, var(--jp-content-font-color1, black)));\n",
       "  --sklearn-color-background: var(--sg-background-color, var(--theme-background, var(--jp-layout-color0, white)));\n",
       "  --sklearn-color-border-box: var(--sg-text-color, var(--theme-code-foreground, var(--jp-content-font-color1, black)));\n",
       "  --sklearn-color-icon: #696969;\n",
       "\n",
       "  @media (prefers-color-scheme: dark) {\n",
       "    /* Redefinition of color scheme for dark theme */\n",
       "    --sklearn-color-text-on-default-background: var(--sg-text-color, var(--theme-code-foreground, var(--jp-content-font-color1, white)));\n",
       "    --sklearn-color-background: var(--sg-background-color, var(--theme-background, var(--jp-layout-color0, #111)));\n",
       "    --sklearn-color-border-box: var(--sg-text-color, var(--theme-code-foreground, var(--jp-content-font-color1, white)));\n",
       "    --sklearn-color-icon: #878787;\n",
       "  }\n",
       "}\n",
       "\n",
       "#sk-container-id-2 {\n",
       "  color: var(--sklearn-color-text);\n",
       "}\n",
       "\n",
       "#sk-container-id-2 pre {\n",
       "  padding: 0;\n",
       "}\n",
       "\n",
       "#sk-container-id-2 input.sk-hidden--visually {\n",
       "  border: 0;\n",
       "  clip: rect(1px 1px 1px 1px);\n",
       "  clip: rect(1px, 1px, 1px, 1px);\n",
       "  height: 1px;\n",
       "  margin: -1px;\n",
       "  overflow: hidden;\n",
       "  padding: 0;\n",
       "  position: absolute;\n",
       "  width: 1px;\n",
       "}\n",
       "\n",
       "#sk-container-id-2 div.sk-dashed-wrapped {\n",
       "  border: 1px dashed var(--sklearn-color-line);\n",
       "  margin: 0 0.4em 0.5em 0.4em;\n",
       "  box-sizing: border-box;\n",
       "  padding-bottom: 0.4em;\n",
       "  background-color: var(--sklearn-color-background);\n",
       "}\n",
       "\n",
       "#sk-container-id-2 div.sk-container {\n",
       "  /* jupyter's `normalize.less` sets `[hidden] { display: none; }`\n",
       "     but bootstrap.min.css set `[hidden] { display: none !important; }`\n",
       "     so we also need the `!important` here to be able to override the\n",
       "     default hidden behavior on the sphinx rendered scikit-learn.org.\n",
       "     See: https://github.com/scikit-learn/scikit-learn/issues/21755 */\n",
       "  display: inline-block !important;\n",
       "  position: relative;\n",
       "}\n",
       "\n",
       "#sk-container-id-2 div.sk-text-repr-fallback {\n",
       "  display: none;\n",
       "}\n",
       "\n",
       "div.sk-parallel-item,\n",
       "div.sk-serial,\n",
       "div.sk-item {\n",
       "  /* draw centered vertical line to link estimators */\n",
       "  background-image: linear-gradient(var(--sklearn-color-text-on-default-background), var(--sklearn-color-text-on-default-background));\n",
       "  background-size: 2px 100%;\n",
       "  background-repeat: no-repeat;\n",
       "  background-position: center center;\n",
       "}\n",
       "\n",
       "/* Parallel-specific style estimator block */\n",
       "\n",
       "#sk-container-id-2 div.sk-parallel-item::after {\n",
       "  content: \"\";\n",
       "  width: 100%;\n",
       "  border-bottom: 2px solid var(--sklearn-color-text-on-default-background);\n",
       "  flex-grow: 1;\n",
       "}\n",
       "\n",
       "#sk-container-id-2 div.sk-parallel {\n",
       "  display: flex;\n",
       "  align-items: stretch;\n",
       "  justify-content: center;\n",
       "  background-color: var(--sklearn-color-background);\n",
       "  position: relative;\n",
       "}\n",
       "\n",
       "#sk-container-id-2 div.sk-parallel-item {\n",
       "  display: flex;\n",
       "  flex-direction: column;\n",
       "}\n",
       "\n",
       "#sk-container-id-2 div.sk-parallel-item:first-child::after {\n",
       "  align-self: flex-end;\n",
       "  width: 50%;\n",
       "}\n",
       "\n",
       "#sk-container-id-2 div.sk-parallel-item:last-child::after {\n",
       "  align-self: flex-start;\n",
       "  width: 50%;\n",
       "}\n",
       "\n",
       "#sk-container-id-2 div.sk-parallel-item:only-child::after {\n",
       "  width: 0;\n",
       "}\n",
       "\n",
       "/* Serial-specific style estimator block */\n",
       "\n",
       "#sk-container-id-2 div.sk-serial {\n",
       "  display: flex;\n",
       "  flex-direction: column;\n",
       "  align-items: center;\n",
       "  background-color: var(--sklearn-color-background);\n",
       "  padding-right: 1em;\n",
       "  padding-left: 1em;\n",
       "}\n",
       "\n",
       "\n",
       "/* Toggleable style: style used for estimator/Pipeline/ColumnTransformer box that is\n",
       "clickable and can be expanded/collapsed.\n",
       "- Pipeline and ColumnTransformer use this feature and define the default style\n",
       "- Estimators will overwrite some part of the style using the `sk-estimator` class\n",
       "*/\n",
       "\n",
       "/* Pipeline and ColumnTransformer style (default) */\n",
       "\n",
       "#sk-container-id-2 div.sk-toggleable {\n",
       "  /* Default theme specific background. It is overwritten whether we have a\n",
       "  specific estimator or a Pipeline/ColumnTransformer */\n",
       "  background-color: var(--sklearn-color-background);\n",
       "}\n",
       "\n",
       "/* Toggleable label */\n",
       "#sk-container-id-2 label.sk-toggleable__label {\n",
       "  cursor: pointer;\n",
       "  display: block;\n",
       "  width: 100%;\n",
       "  margin-bottom: 0;\n",
       "  padding: 0.5em;\n",
       "  box-sizing: border-box;\n",
       "  text-align: center;\n",
       "}\n",
       "\n",
       "#sk-container-id-2 label.sk-toggleable__label-arrow:before {\n",
       "  /* Arrow on the left of the label */\n",
       "  content: \"▸\";\n",
       "  float: left;\n",
       "  margin-right: 0.25em;\n",
       "  color: var(--sklearn-color-icon);\n",
       "}\n",
       "\n",
       "#sk-container-id-2 label.sk-toggleable__label-arrow:hover:before {\n",
       "  color: var(--sklearn-color-text);\n",
       "}\n",
       "\n",
       "/* Toggleable content - dropdown */\n",
       "\n",
       "#sk-container-id-2 div.sk-toggleable__content {\n",
       "  max-height: 0;\n",
       "  max-width: 0;\n",
       "  overflow: hidden;\n",
       "  text-align: left;\n",
       "  /* unfitted */\n",
       "  background-color: var(--sklearn-color-unfitted-level-0);\n",
       "}\n",
       "\n",
       "#sk-container-id-2 div.sk-toggleable__content.fitted {\n",
       "  /* fitted */\n",
       "  background-color: var(--sklearn-color-fitted-level-0);\n",
       "}\n",
       "\n",
       "#sk-container-id-2 div.sk-toggleable__content pre {\n",
       "  margin: 0.2em;\n",
       "  border-radius: 0.25em;\n",
       "  color: var(--sklearn-color-text);\n",
       "  /* unfitted */\n",
       "  background-color: var(--sklearn-color-unfitted-level-0);\n",
       "}\n",
       "\n",
       "#sk-container-id-2 div.sk-toggleable__content.fitted pre {\n",
       "  /* unfitted */\n",
       "  background-color: var(--sklearn-color-fitted-level-0);\n",
       "}\n",
       "\n",
       "#sk-container-id-2 input.sk-toggleable__control:checked~div.sk-toggleable__content {\n",
       "  /* Expand drop-down */\n",
       "  max-height: 200px;\n",
       "  max-width: 100%;\n",
       "  overflow: auto;\n",
       "}\n",
       "\n",
       "#sk-container-id-2 input.sk-toggleable__control:checked~label.sk-toggleable__label-arrow:before {\n",
       "  content: \"▾\";\n",
       "}\n",
       "\n",
       "/* Pipeline/ColumnTransformer-specific style */\n",
       "\n",
       "#sk-container-id-2 div.sk-label input.sk-toggleable__control:checked~label.sk-toggleable__label {\n",
       "  color: var(--sklearn-color-text);\n",
       "  background-color: var(--sklearn-color-unfitted-level-2);\n",
       "}\n",
       "\n",
       "#sk-container-id-2 div.sk-label.fitted input.sk-toggleable__control:checked~label.sk-toggleable__label {\n",
       "  background-color: var(--sklearn-color-fitted-level-2);\n",
       "}\n",
       "\n",
       "/* Estimator-specific style */\n",
       "\n",
       "/* Colorize estimator box */\n",
       "#sk-container-id-2 div.sk-estimator input.sk-toggleable__control:checked~label.sk-toggleable__label {\n",
       "  /* unfitted */\n",
       "  background-color: var(--sklearn-color-unfitted-level-2);\n",
       "}\n",
       "\n",
       "#sk-container-id-2 div.sk-estimator.fitted input.sk-toggleable__control:checked~label.sk-toggleable__label {\n",
       "  /* fitted */\n",
       "  background-color: var(--sklearn-color-fitted-level-2);\n",
       "}\n",
       "\n",
       "#sk-container-id-2 div.sk-label label.sk-toggleable__label,\n",
       "#sk-container-id-2 div.sk-label label {\n",
       "  /* The background is the default theme color */\n",
       "  color: var(--sklearn-color-text-on-default-background);\n",
       "}\n",
       "\n",
       "/* On hover, darken the color of the background */\n",
       "#sk-container-id-2 div.sk-label:hover label.sk-toggleable__label {\n",
       "  color: var(--sklearn-color-text);\n",
       "  background-color: var(--sklearn-color-unfitted-level-2);\n",
       "}\n",
       "\n",
       "/* Label box, darken color on hover, fitted */\n",
       "#sk-container-id-2 div.sk-label.fitted:hover label.sk-toggleable__label.fitted {\n",
       "  color: var(--sklearn-color-text);\n",
       "  background-color: var(--sklearn-color-fitted-level-2);\n",
       "}\n",
       "\n",
       "/* Estimator label */\n",
       "\n",
       "#sk-container-id-2 div.sk-label label {\n",
       "  font-family: monospace;\n",
       "  font-weight: bold;\n",
       "  display: inline-block;\n",
       "  line-height: 1.2em;\n",
       "}\n",
       "\n",
       "#sk-container-id-2 div.sk-label-container {\n",
       "  text-align: center;\n",
       "}\n",
       "\n",
       "/* Estimator-specific */\n",
       "#sk-container-id-2 div.sk-estimator {\n",
       "  font-family: monospace;\n",
       "  border: 1px dotted var(--sklearn-color-border-box);\n",
       "  border-radius: 0.25em;\n",
       "  box-sizing: border-box;\n",
       "  margin-bottom: 0.5em;\n",
       "  /* unfitted */\n",
       "  background-color: var(--sklearn-color-unfitted-level-0);\n",
       "}\n",
       "\n",
       "#sk-container-id-2 div.sk-estimator.fitted {\n",
       "  /* fitted */\n",
       "  background-color: var(--sklearn-color-fitted-level-0);\n",
       "}\n",
       "\n",
       "/* on hover */\n",
       "#sk-container-id-2 div.sk-estimator:hover {\n",
       "  /* unfitted */\n",
       "  background-color: var(--sklearn-color-unfitted-level-2);\n",
       "}\n",
       "\n",
       "#sk-container-id-2 div.sk-estimator.fitted:hover {\n",
       "  /* fitted */\n",
       "  background-color: var(--sklearn-color-fitted-level-2);\n",
       "}\n",
       "\n",
       "/* Specification for estimator info (e.g. \"i\" and \"?\") */\n",
       "\n",
       "/* Common style for \"i\" and \"?\" */\n",
       "\n",
       ".sk-estimator-doc-link,\n",
       "a:link.sk-estimator-doc-link,\n",
       "a:visited.sk-estimator-doc-link {\n",
       "  float: right;\n",
       "  font-size: smaller;\n",
       "  line-height: 1em;\n",
       "  font-family: monospace;\n",
       "  background-color: var(--sklearn-color-background);\n",
       "  border-radius: 1em;\n",
       "  height: 1em;\n",
       "  width: 1em;\n",
       "  text-decoration: none !important;\n",
       "  margin-left: 1ex;\n",
       "  /* unfitted */\n",
       "  border: var(--sklearn-color-unfitted-level-1) 1pt solid;\n",
       "  color: var(--sklearn-color-unfitted-level-1);\n",
       "}\n",
       "\n",
       ".sk-estimator-doc-link.fitted,\n",
       "a:link.sk-estimator-doc-link.fitted,\n",
       "a:visited.sk-estimator-doc-link.fitted {\n",
       "  /* fitted */\n",
       "  border: var(--sklearn-color-fitted-level-1) 1pt solid;\n",
       "  color: var(--sklearn-color-fitted-level-1);\n",
       "}\n",
       "\n",
       "/* On hover */\n",
       "div.sk-estimator:hover .sk-estimator-doc-link:hover,\n",
       ".sk-estimator-doc-link:hover,\n",
       "div.sk-label-container:hover .sk-estimator-doc-link:hover,\n",
       ".sk-estimator-doc-link:hover {\n",
       "  /* unfitted */\n",
       "  background-color: var(--sklearn-color-unfitted-level-3);\n",
       "  color: var(--sklearn-color-background);\n",
       "  text-decoration: none;\n",
       "}\n",
       "\n",
       "div.sk-estimator.fitted:hover .sk-estimator-doc-link.fitted:hover,\n",
       ".sk-estimator-doc-link.fitted:hover,\n",
       "div.sk-label-container:hover .sk-estimator-doc-link.fitted:hover,\n",
       ".sk-estimator-doc-link.fitted:hover {\n",
       "  /* fitted */\n",
       "  background-color: var(--sklearn-color-fitted-level-3);\n",
       "  color: var(--sklearn-color-background);\n",
       "  text-decoration: none;\n",
       "}\n",
       "\n",
       "/* Span, style for the box shown on hovering the info icon */\n",
       ".sk-estimator-doc-link span {\n",
       "  display: none;\n",
       "  z-index: 9999;\n",
       "  position: relative;\n",
       "  font-weight: normal;\n",
       "  right: .2ex;\n",
       "  padding: .5ex;\n",
       "  margin: .5ex;\n",
       "  width: min-content;\n",
       "  min-width: 20ex;\n",
       "  max-width: 50ex;\n",
       "  color: var(--sklearn-color-text);\n",
       "  box-shadow: 2pt 2pt 4pt #999;\n",
       "  /* unfitted */\n",
       "  background: var(--sklearn-color-unfitted-level-0);\n",
       "  border: .5pt solid var(--sklearn-color-unfitted-level-3);\n",
       "}\n",
       "\n",
       ".sk-estimator-doc-link.fitted span {\n",
       "  /* fitted */\n",
       "  background: var(--sklearn-color-fitted-level-0);\n",
       "  border: var(--sklearn-color-fitted-level-3);\n",
       "}\n",
       "\n",
       ".sk-estimator-doc-link:hover span {\n",
       "  display: block;\n",
       "}\n",
       "\n",
       "/* \"?\"-specific style due to the `<a>` HTML tag */\n",
       "\n",
       "#sk-container-id-2 a.estimator_doc_link {\n",
       "  float: right;\n",
       "  font-size: 1rem;\n",
       "  line-height: 1em;\n",
       "  font-family: monospace;\n",
       "  background-color: var(--sklearn-color-background);\n",
       "  border-radius: 1rem;\n",
       "  height: 1rem;\n",
       "  width: 1rem;\n",
       "  text-decoration: none;\n",
       "  /* unfitted */\n",
       "  color: var(--sklearn-color-unfitted-level-1);\n",
       "  border: var(--sklearn-color-unfitted-level-1) 1pt solid;\n",
       "}\n",
       "\n",
       "#sk-container-id-2 a.estimator_doc_link.fitted {\n",
       "  /* fitted */\n",
       "  border: var(--sklearn-color-fitted-level-1) 1pt solid;\n",
       "  color: var(--sklearn-color-fitted-level-1);\n",
       "}\n",
       "\n",
       "/* On hover */\n",
       "#sk-container-id-2 a.estimator_doc_link:hover {\n",
       "  /* unfitted */\n",
       "  background-color: var(--sklearn-color-unfitted-level-3);\n",
       "  color: var(--sklearn-color-background);\n",
       "  text-decoration: none;\n",
       "}\n",
       "\n",
       "#sk-container-id-2 a.estimator_doc_link.fitted:hover {\n",
       "  /* fitted */\n",
       "  background-color: var(--sklearn-color-fitted-level-3);\n",
       "}\n",
       "</style><div id=\"sk-container-id-2\" class=\"sk-top-container\"><div class=\"sk-text-repr-fallback\"><pre>LogisticRegression(multi_class=&#x27;ovr&#x27;)</pre><b>In a Jupyter environment, please rerun this cell to show the HTML representation or trust the notebook. <br />On GitHub, the HTML representation is unable to render, please try loading this page with nbviewer.org.</b></div><div class=\"sk-container\" hidden><div class=\"sk-item\"><div class=\"sk-estimator fitted sk-toggleable\"><input class=\"sk-toggleable__control sk-hidden--visually\" id=\"sk-estimator-id-2\" type=\"checkbox\" checked><label for=\"sk-estimator-id-2\" class=\"sk-toggleable__label fitted sk-toggleable__label-arrow fitted\">&nbsp;&nbsp;LogisticRegression<a class=\"sk-estimator-doc-link fitted\" rel=\"noreferrer\" target=\"_blank\" href=\"https://scikit-learn.org/1.5/modules/generated/sklearn.linear_model.LogisticRegression.html\">?<span>Documentation for LogisticRegression</span></a><span class=\"sk-estimator-doc-link fitted\">i<span>Fitted</span></span></label><div class=\"sk-toggleable__content fitted\"><pre>LogisticRegression(multi_class=&#x27;ovr&#x27;)</pre></div> </div></div></div></div>"
      ]
     },
     "execution_count": 9,
     "metadata": {},
     "output_type": "execute_result"
    }
   ],
   "execution_count": 9
  },
  {
   "metadata": {
    "ExecuteTime": {
     "end_time": "2024-11-17T05:09:09.943601Z",
     "start_time": "2024-11-17T05:09:09.931650Z"
    }
   },
   "cell_type": "code",
   "source": [
    "y_pred = model1.predict(X_test)\n",
    "y_pred"
   ],
   "id": "7cc0177d45e97691",
   "outputs": [
    {
     "data": {
      "text/plain": [
       "array([2, 1, 2, 1, 1, 0, 0, 0, 2, 0, 2, 1, 2, 2, 2, 2, 2, 0, 0, 2, 2, 1,\n",
       "       1, 1, 1, 0, 0, 0, 2, 1, 0, 2, 2, 1, 2, 0, 0, 2, 2, 1, 2, 2, 2, 1,\n",
       "       2, 0, 1, 2, 0, 1, 0, 0, 0, 1, 1, 2, 0, 0, 1, 1, 0, 1, 0, 1, 1, 0,\n",
       "       2, 1, 0, 1, 0, 1, 2, 1, 2, 2, 1, 0, 1, 0, 1, 0, 1, 2, 2, 0, 1, 2,\n",
       "       2, 1, 1, 2, 2, 0, 0, 0, 2, 2, 0, 1, 2, 1, 2, 1, 0, 2, 0, 2, 0, 1,\n",
       "       2, 1, 2, 2, 1, 1, 1, 1, 2, 0, 2, 0, 1, 2, 0, 0, 2, 2, 2, 1, 2, 0,\n",
       "       2, 2, 0, 0, 0, 2, 0, 2, 0, 1, 2, 1, 1, 2, 0, 0, 1, 1, 2, 2, 2, 1,\n",
       "       2, 0, 2, 2, 2, 1, 0, 2, 0, 0, 2, 0, 2, 0, 0, 1, 2, 0, 1, 1, 1, 1,\n",
       "       0, 2, 1, 0, 0, 1, 2, 2, 2, 2, 2, 0, 1, 1, 2, 2, 1, 2, 2, 2, 2, 1,\n",
       "       0, 0, 1, 2, 2, 0, 0, 2, 1, 2, 1, 0, 0, 2, 1, 1, 1, 2, 2, 1, 2, 1,\n",
       "       0, 1, 0, 0, 1, 0, 2, 1, 0, 2, 2, 1, 1, 1, 2, 1, 1, 0, 1, 1, 0, 0,\n",
       "       0, 0, 2, 0, 0, 2, 2, 2, 2, 0, 2, 0, 1, 2, 2, 2, 1, 0, 0, 1, 0, 2,\n",
       "       1, 2, 0, 0, 0, 2, 2, 1, 2, 0, 1, 1, 0, 0, 0, 1, 0, 2, 2, 0, 2, 0,\n",
       "       0, 0, 1, 1, 2, 0, 1, 2, 2, 0, 1, 2, 0, 2])"
      ]
     },
     "execution_count": 10,
     "metadata": {},
     "output_type": "execute_result"
    }
   ],
   "execution_count": 10
  },
  {
   "metadata": {
    "ExecuteTime": {
     "end_time": "2024-11-17T05:09:10.888634Z",
     "start_time": "2024-11-17T05:09:10.867440Z"
    }
   },
   "cell_type": "code",
   "source": "model1.predict_proba(X_test)",
   "id": "ba0da0f02e314db0",
   "outputs": [
    {
     "data": {
      "text/plain": [
       "array([[8.54668277e-05, 1.78566218e-01, 8.21348315e-01],\n",
       "       [2.20265008e-01, 6.90757491e-01, 8.89775015e-02],\n",
       "       [3.71298636e-06, 2.56276461e-01, 7.43719826e-01],\n",
       "       [1.00022078e-01, 8.36714179e-01, 6.32637428e-02],\n",
       "       [9.44885593e-02, 8.91168568e-01, 1.43428729e-02],\n",
       "       [8.49268672e-01, 3.48176979e-02, 1.15913630e-01],\n",
       "       [7.88828023e-01, 6.27852789e-02, 1.48386698e-01],\n",
       "       [9.15633848e-01, 1.74625415e-02, 6.69036106e-02],\n",
       "       [3.90959229e-02, 4.33110068e-01, 5.27794009e-01],\n",
       "       [7.87582452e-01, 2.04652117e-01, 7.76543050e-03],\n",
       "       [6.08109017e-04, 3.68450984e-01, 6.30940907e-01],\n",
       "       [3.56088708e-01, 5.81837438e-01, 6.20738545e-02],\n",
       "       [1.39665988e-01, 3.95142394e-03, 8.56382588e-01],\n",
       "       [2.38007502e-02, 4.78483943e-01, 4.97715306e-01],\n",
       "       [7.71767342e-03, 3.79366378e-01, 6.12915948e-01],\n",
       "       [2.45643187e-02, 3.55553676e-02, 9.39880314e-01],\n",
       "       [9.30748616e-03, 1.64815301e-01, 8.25877213e-01],\n",
       "       [6.55172190e-01, 3.38008227e-01, 6.81958228e-03],\n",
       "       [9.16886159e-01, 4.04825566e-02, 4.26312844e-02],\n",
       "       [4.33448139e-01, 5.56675673e-03, 5.60985104e-01],\n",
       "       [2.54732828e-01, 1.54691094e-02, 7.29798063e-01],\n",
       "       [1.78259438e-01, 7.79632560e-01, 4.21080013e-02],\n",
       "       [1.89168049e-01, 7.56626193e-01, 5.42057574e-02],\n",
       "       [6.87042436e-02, 8.41407832e-01, 8.98879242e-02],\n",
       "       [1.25499463e-01, 8.39868782e-01, 3.46317545e-02],\n",
       "       [5.27095558e-01, 1.84853911e-01, 2.88050531e-01],\n",
       "       [8.10807978e-01, 1.42262169e-01, 4.69298527e-02],\n",
       "       [4.37900933e-01, 2.54877994e-01, 3.07221073e-01],\n",
       "       [1.52048375e-01, 2.47838821e-02, 8.23167742e-01],\n",
       "       [3.55203606e-01, 6.23048260e-01, 2.17481345e-02],\n",
       "       [6.26704937e-01, 3.69182708e-01, 4.11235484e-03],\n",
       "       [8.94374002e-02, 2.74709888e-01, 6.35852712e-01],\n",
       "       [2.12407838e-04, 3.63066013e-01, 6.36721580e-01],\n",
       "       [3.07674168e-01, 6.91923610e-01, 4.02221559e-04],\n",
       "       [9.75841785e-04, 4.23230417e-01, 5.75793742e-01],\n",
       "       [8.45377574e-01, 5.23702657e-02, 1.02252160e-01],\n",
       "       [6.19288273e-01, 2.25436309e-01, 1.55275418e-01],\n",
       "       [4.82344560e-03, 1.53780310e-01, 8.41396244e-01],\n",
       "       [1.73521615e-01, 3.21481841e-03, 8.23263566e-01],\n",
       "       [1.89883700e-02, 8.32304111e-01, 1.48707519e-01],\n",
       "       [2.08477751e-02, 1.12638175e-01, 8.66514050e-01],\n",
       "       [5.01978995e-02, 8.94852376e-02, 8.60316863e-01],\n",
       "       [5.92015971e-04, 6.70185485e-02, 9.32389436e-01],\n",
       "       [8.09950139e-02, 6.55056456e-01, 2.63948531e-01],\n",
       "       [2.44826862e-01, 3.76920231e-03, 7.51403935e-01],\n",
       "       [5.71944856e-01, 4.18057469e-01, 9.99767487e-03],\n",
       "       [9.40721976e-02, 8.59968719e-01, 4.59590839e-02],\n",
       "       [6.77058763e-04, 1.88453390e-01, 8.10869551e-01],\n",
       "       [8.16403707e-01, 4.73190956e-02, 1.36277198e-01],\n",
       "       [7.61021330e-02, 8.42946371e-01, 8.09514960e-02],\n",
       "       [7.93188482e-01, 1.31271777e-01, 7.55397411e-02],\n",
       "       [5.39117445e-01, 1.41673093e-01, 3.19209462e-01],\n",
       "       [8.90243352e-01, 5.46511479e-02, 5.51054997e-02],\n",
       "       [1.44081284e-01, 8.53548415e-01, 2.37030045e-03],\n",
       "       [2.10158359e-01, 7.77596351e-01, 1.22452899e-02],\n",
       "       [1.87371233e-03, 4.54797279e-01, 5.43329009e-01],\n",
       "       [6.36263588e-01, 1.67763657e-01, 1.95972754e-01],\n",
       "       [9.84417958e-01, 8.52226891e-03, 7.05977288e-03],\n",
       "       [3.84129881e-02, 9.12144452e-01, 4.94425598e-02],\n",
       "       [1.92493290e-01, 6.76901635e-01, 1.30605075e-01],\n",
       "       [7.50097608e-01, 2.48456609e-01, 1.44578275e-03],\n",
       "       [9.33388297e-02, 8.23244446e-01, 8.34167242e-02],\n",
       "       [7.18103981e-01, 2.80810684e-01, 1.08533523e-03],\n",
       "       [3.93094827e-01, 6.04944362e-01, 1.96081083e-03],\n",
       "       [2.53437881e-01, 5.25499140e-01, 2.21062979e-01],\n",
       "       [5.47723888e-01, 4.03338545e-01, 4.89375668e-02],\n",
       "       [1.14759689e-04, 2.12998055e-01, 7.86887185e-01],\n",
       "       [9.69662996e-02, 8.60259851e-01, 4.27738492e-02],\n",
       "       [6.84628288e-01, 3.08865240e-01, 6.50647133e-03],\n",
       "       [1.68456219e-01, 7.65272343e-01, 6.62714379e-02],\n",
       "       [9.36441292e-01, 3.81953782e-02, 2.53633294e-02],\n",
       "       [4.50900209e-02, 8.55156258e-01, 9.97537210e-02],\n",
       "       [1.45243177e-02, 1.21600526e-01, 8.63875157e-01],\n",
       "       [1.30401711e-01, 8.35248283e-01, 3.43500054e-02],\n",
       "       [4.77701229e-02, 1.82046303e-01, 7.70183574e-01],\n",
       "       [1.50891704e-02, 3.82667763e-01, 6.02243066e-01],\n",
       "       [1.07332484e-01, 7.62425285e-01, 1.30242231e-01],\n",
       "       [5.36615274e-01, 1.92761996e-03, 4.61457106e-01],\n",
       "       [1.91380949e-01, 6.00017575e-01, 2.08601476e-01],\n",
       "       [5.43730349e-01, 1.03277949e-03, 4.55236871e-01],\n",
       "       [7.37959917e-02, 8.28129216e-01, 9.80747919e-02],\n",
       "       [8.87249303e-01, 8.58138872e-02, 2.69368101e-02],\n",
       "       [5.12650148e-02, 7.36669857e-01, 2.12065129e-01],\n",
       "       [2.35738513e-02, 3.59513772e-01, 6.16912377e-01],\n",
       "       [1.62062623e-05, 2.52590096e-01, 7.47393697e-01],\n",
       "       [5.18273339e-01, 2.29737497e-04, 4.81496924e-01],\n",
       "       [1.04710273e-02, 8.31228656e-01, 1.58300316e-01],\n",
       "       [1.87418429e-02, 1.10792253e-01, 8.70465905e-01],\n",
       "       [1.85479407e-03, 9.17173993e-02, 9.06427807e-01],\n",
       "       [9.74591747e-02, 7.96153789e-01, 1.06387036e-01],\n",
       "       [4.04410840e-02, 6.56530497e-01, 3.03028419e-01],\n",
       "       [9.64204608e-05, 9.97111041e-02, 9.00192475e-01],\n",
       "       [4.16048678e-06, 9.66220716e-02, 9.03373768e-01],\n",
       "       [7.59010172e-01, 1.88816643e-01, 5.21731855e-02],\n",
       "       [8.51673521e-01, 1.11903249e-01, 3.64232301e-02],\n",
       "       [8.14218596e-01, 1.44877237e-01, 4.09041677e-02],\n",
       "       [5.19732244e-02, 3.86765824e-01, 5.61260952e-01],\n",
       "       [1.94360136e-02, 2.69818851e-01, 7.10745135e-01],\n",
       "       [9.35198344e-01, 3.41047839e-02, 3.06968718e-02],\n",
       "       [2.87100688e-02, 5.04724615e-01, 4.66565316e-01],\n",
       "       [1.87970098e-02, 7.93040094e-02, 9.01898981e-01],\n",
       "       [9.68169919e-02, 7.07299355e-01, 1.95883653e-01],\n",
       "       [4.02606203e-01, 1.20035900e-02, 5.85390207e-01],\n",
       "       [2.85581102e-01, 7.14006308e-01, 4.12590278e-04],\n",
       "       [8.94132006e-01, 7.61567871e-02, 2.97112069e-02],\n",
       "       [1.36770872e-01, 4.11847983e-01, 4.51381146e-01],\n",
       "       [5.70434171e-01, 2.11582804e-01, 2.17983025e-01],\n",
       "       [4.37822913e-02, 8.47778915e-03, 9.47739920e-01],\n",
       "       [7.19882622e-01, 2.76592886e-01, 3.52449223e-03],\n",
       "       [7.28067705e-02, 9.22030993e-01, 5.16223668e-03],\n",
       "       [1.83499885e-01, 3.79837305e-01, 4.36662811e-01],\n",
       "       [1.77236020e-01, 8.20785278e-01, 1.97870203e-03],\n",
       "       [4.17417878e-02, 1.47170701e-02, 9.43541142e-01],\n",
       "       [4.06624313e-06, 2.10926320e-01, 7.89069614e-01],\n",
       "       [5.81361024e-02, 8.83646226e-01, 5.82176717e-02],\n",
       "       [1.21358662e-01, 8.55411998e-01, 2.32293408e-02],\n",
       "       [5.10590807e-02, 9.40699037e-01, 8.24188209e-03],\n",
       "       [1.42807730e-01, 6.80411466e-01, 1.76780803e-01],\n",
       "       [4.03716444e-05, 1.79883305e-01, 8.20076323e-01],\n",
       "       [7.85478404e-01, 1.76915087e-01, 3.76065093e-02],\n",
       "       [1.20982064e-04, 2.11407324e-01, 7.88471694e-01],\n",
       "       [5.59025870e-01, 4.12150347e-01, 2.88237823e-02],\n",
       "       [7.43558519e-02, 8.40733544e-01, 8.49106044e-02],\n",
       "       [1.80358459e-04, 1.39739240e-01, 8.60080402e-01],\n",
       "       [9.26728621e-01, 1.07360768e-02, 6.25353023e-02],\n",
       "       [6.44731932e-01, 3.47966159e-01, 7.30190889e-03],\n",
       "       [3.06058482e-01, 2.28831893e-01, 4.65109624e-01],\n",
       "       [3.35562119e-01, 1.52353218e-01, 5.12084663e-01],\n",
       "       [5.85303201e-06, 3.28537993e-01, 6.71456154e-01],\n",
       "       [3.08709658e-01, 5.92289592e-01, 9.90007499e-02],\n",
       "       [3.04039292e-02, 7.94017531e-02, 8.90194318e-01],\n",
       "       [7.99867180e-01, 3.60991757e-02, 1.64033644e-01],\n",
       "       [3.52504932e-01, 1.15304950e-01, 5.32190118e-01],\n",
       "       [6.80122610e-02, 1.07042165e-03, 9.30917317e-01],\n",
       "       [8.32239202e-01, 1.49064319e-01, 1.86964792e-02],\n",
       "       [8.86989458e-01, 1.46415377e-03, 1.11546388e-01],\n",
       "       [6.50592777e-01, 2.83151085e-01, 6.62561374e-02],\n",
       "       [7.04574379e-03, 8.92239930e-02, 9.03730263e-01],\n",
       "       [8.69575265e-01, 8.86019358e-02, 4.18227990e-02],\n",
       "       [8.25305165e-03, 1.45416329e-01, 8.46330619e-01],\n",
       "       [8.80389133e-01, 4.49083331e-02, 7.47025344e-02],\n",
       "       [2.36811658e-01, 7.61579239e-01, 1.60910255e-03],\n",
       "       [3.54556528e-01, 1.93621618e-02, 6.26081310e-01],\n",
       "       [2.69665784e-02, 5.60397752e-01, 4.12635669e-01],\n",
       "       [8.63380846e-03, 8.91792686e-01, 9.95735057e-02],\n",
       "       [1.74330582e-01, 3.03390186e-01, 5.22279232e-01],\n",
       "       [8.05885140e-01, 1.20361119e-01, 7.37537412e-02],\n",
       "       [9.44668281e-01, 3.65934698e-02, 1.87382491e-02],\n",
       "       [3.76453974e-02, 9.04834727e-01, 5.75198752e-02],\n",
       "       [8.37749052e-02, 7.98941143e-01, 1.17283951e-01],\n",
       "       [4.46512172e-02, 2.93121583e-02, 9.26036624e-01],\n",
       "       [2.20739497e-02, 7.51896690e-03, 9.70407083e-01],\n",
       "       [9.97911935e-04, 3.35979888e-01, 6.63022200e-01],\n",
       "       [3.49599824e-02, 8.64257694e-01, 1.00782324e-01],\n",
       "       [4.85161842e-02, 2.21540016e-01, 7.29943800e-01],\n",
       "       [9.71521705e-01, 1.76474644e-02, 1.08308309e-02],\n",
       "       [1.42790407e-03, 1.96309468e-01, 8.02262628e-01],\n",
       "       [8.36245110e-02, 1.76169346e-02, 8.98758554e-01],\n",
       "       [5.12805366e-03, 2.51847043e-01, 7.43024903e-01],\n",
       "       [1.38178482e-01, 8.56063283e-01, 5.75823481e-03],\n",
       "       [7.91665867e-01, 1.84931463e-01, 2.34026699e-02],\n",
       "       [9.88920926e-03, 3.75273369e-02, 9.52583454e-01],\n",
       "       [5.26390828e-01, 4.00582824e-01, 7.30263476e-02],\n",
       "       [6.82680535e-01, 3.17033363e-01, 2.86102034e-04],\n",
       "       [1.10742616e-01, 1.11045743e-01, 7.78211641e-01],\n",
       "       [8.09375122e-01, 6.36620854e-02, 1.26962793e-01],\n",
       "       [6.45512822e-06, 1.88975157e-01, 8.11018388e-01],\n",
       "       [7.10498037e-01, 1.76800487e-01, 1.12701476e-01],\n",
       "       [8.64410377e-01, 5.25467798e-02, 8.30428434e-02],\n",
       "       [3.18064381e-01, 6.23328886e-01, 5.86067333e-02],\n",
       "       [6.56424904e-02, 1.70659120e-02, 9.17291598e-01],\n",
       "       [9.04843377e-01, 7.34915124e-02, 2.16651102e-02],\n",
       "       [3.94835653e-01, 5.94763852e-01, 1.04004950e-02],\n",
       "       [3.40068155e-01, 6.58206864e-01, 1.72498086e-03],\n",
       "       [1.62545056e-01, 8.34689564e-01, 2.76538014e-03],\n",
       "       [1.96717271e-01, 4.32499239e-01, 3.70783490e-01],\n",
       "       [8.76835383e-01, 9.36624905e-03, 1.13798368e-01],\n",
       "       [3.79260320e-01, 7.17396412e-02, 5.49000038e-01],\n",
       "       [7.35980827e-02, 8.43027071e-01, 8.33748465e-02],\n",
       "       [5.58836251e-01, 4.25495383e-01, 1.56683658e-02],\n",
       "       [4.10022928e-01, 2.02013911e-01, 3.87963162e-01],\n",
       "       [9.73732342e-02, 8.78991558e-01, 2.36352082e-02],\n",
       "       [6.81857475e-02, 1.16683944e-02, 9.20145858e-01],\n",
       "       [9.47968247e-05, 2.79824714e-01, 7.20080489e-01],\n",
       "       [2.14157353e-02, 3.24720661e-02, 9.46112199e-01],\n",
       "       [5.60228311e-06, 2.67847131e-01, 7.32147267e-01],\n",
       "       [1.06083116e-01, 1.66585519e-03, 8.92251029e-01],\n",
       "       [4.98990324e-01, 1.90112364e-02, 4.81998440e-01],\n",
       "       [7.15139298e-02, 8.33509896e-01, 9.49761739e-02],\n",
       "       [6.03663781e-02, 8.79389736e-01, 6.02438861e-02],\n",
       "       [2.65133240e-01, 1.58827270e-01, 5.76039490e-01],\n",
       "       [2.24876802e-03, 4.14304192e-01, 5.83447040e-01],\n",
       "       [9.29521797e-03, 5.39535691e-01, 4.51169091e-01],\n",
       "       [2.59803465e-01, 1.50599752e-01, 5.89596784e-01],\n",
       "       [2.33765408e-02, 1.02453202e-01, 8.74170257e-01],\n",
       "       [1.63720582e-02, 2.85948323e-01, 6.97679619e-01],\n",
       "       [1.33228220e-01, 2.46680002e-01, 6.20091778e-01],\n",
       "       [4.56446198e-02, 4.80380807e-01, 4.73974574e-01],\n",
       "       [6.06689896e-01, 3.11484130e-01, 8.18259735e-02],\n",
       "       [5.76519474e-01, 3.42267219e-01, 8.12133065e-02],\n",
       "       [3.05583593e-01, 6.93807136e-01, 6.09271032e-04],\n",
       "       [1.92289309e-01, 4.60691133e-02, 7.61641578e-01],\n",
       "       [1.93383527e-01, 2.30614024e-02, 7.83555070e-01],\n",
       "       [7.22542720e-01, 2.03674113e-01, 7.37831671e-02],\n",
       "       [9.12445427e-01, 8.53556589e-02, 2.19891407e-03],\n",
       "       [3.69187987e-01, 2.17741788e-02, 6.09037834e-01],\n",
       "       [2.85666260e-02, 9.12016292e-01, 5.94170823e-02],\n",
       "       [4.83443534e-02, 2.86063498e-01, 6.65592148e-01],\n",
       "       [1.88765306e-01, 8.09704143e-01, 1.53055089e-03],\n",
       "       [8.98503427e-01, 7.01122665e-02, 3.13843069e-02],\n",
       "       [7.28519812e-01, 2.36860757e-01, 3.46194311e-02],\n",
       "       [2.69388449e-01, 2.41962575e-01, 4.88648976e-01],\n",
       "       [8.41309015e-02, 7.40912828e-01, 1.74956270e-01],\n",
       "       [1.38318995e-01, 7.74343252e-01, 8.73377526e-02],\n",
       "       [9.00949263e-02, 8.83459758e-01, 2.64453159e-02],\n",
       "       [7.47783850e-02, 2.19612445e-01, 7.05609170e-01],\n",
       "       [3.47582674e-06, 2.24815862e-01, 7.75180662e-01],\n",
       "       [1.61961871e-01, 8.11822616e-01, 2.62155132e-02],\n",
       "       [1.96916546e-02, 2.93007316e-02, 9.51007614e-01],\n",
       "       [1.35176232e-01, 8.61112734e-01, 3.71103382e-03],\n",
       "       [9.74303900e-01, 3.57519462e-03, 2.21209058e-02],\n",
       "       [7.63052779e-02, 8.56887826e-01, 6.68068962e-02],\n",
       "       [5.81196747e-01, 3.54463701e-01, 6.43395521e-02],\n",
       "       [9.39126582e-01, 3.70547151e-02, 2.38187027e-02],\n",
       "       [3.42926371e-01, 6.35844174e-01, 2.12294553e-02],\n",
       "       [7.65755451e-01, 1.79495392e-01, 5.47491572e-02],\n",
       "       [3.37891996e-02, 4.73159962e-02, 9.18894804e-01],\n",
       "       [2.02168234e-01, 6.59141354e-01, 1.38690412e-01],\n",
       "       [7.08323501e-01, 2.70294252e-01, 2.13822469e-02],\n",
       "       [1.17119350e-01, 3.24619346e-01, 5.58261304e-01],\n",
       "       [4.48680805e-04, 3.77158722e-01, 6.22392597e-01],\n",
       "       [3.57138659e-01, 5.11538150e-01, 1.31323191e-01],\n",
       "       [2.63758938e-01, 7.00333660e-01, 3.59074028e-02],\n",
       "       [2.47148797e-01, 7.43924982e-01, 8.92622104e-03],\n",
       "       [3.57949567e-01, 2.32839726e-01, 4.09210707e-01],\n",
       "       [3.15334047e-01, 5.58535665e-01, 1.26130288e-01],\n",
       "       [5.70500828e-02, 7.67013376e-01, 1.75936541e-01],\n",
       "       [8.19302876e-01, 1.40268349e-01, 4.04287756e-02],\n",
       "       [6.85407580e-02, 7.15572065e-01, 2.15887177e-01],\n",
       "       [1.44743573e-01, 8.46004991e-01, 9.25143582e-03],\n",
       "       [8.37503746e-01, 1.40473745e-01, 2.20225092e-02],\n",
       "       [8.49366875e-01, 1.34766739e-01, 1.58663858e-02],\n",
       "       [8.60133387e-01, 1.19063114e-01, 2.08034990e-02],\n",
       "       [6.57436875e-01, 2.83291754e-01, 5.92713705e-02],\n",
       "       [6.86275762e-03, 2.47197857e-02, 9.68417457e-01],\n",
       "       [5.44443378e-01, 4.45723373e-01, 9.83324923e-03],\n",
       "       [7.73713539e-01, 1.45237752e-01, 8.10487086e-02],\n",
       "       [3.42816028e-02, 4.98228039e-02, 9.15895593e-01],\n",
       "       [1.65858622e-03, 2.81063104e-01, 7.17278310e-01],\n",
       "       [4.60294450e-01, 3.49965409e-03, 5.36205896e-01],\n",
       "       [1.40310185e-02, 4.80027876e-01, 5.05941105e-01],\n",
       "       [6.79114848e-01, 2.46810924e-01, 7.40742279e-02],\n",
       "       [1.79620344e-02, 2.11974481e-01, 7.70063484e-01],\n",
       "       [9.63712367e-01, 2.39857334e-02, 1.23018999e-02],\n",
       "       [9.24153399e-02, 8.04650713e-01, 1.02933947e-01],\n",
       "       [2.83094723e-01, 1.32721571e-01, 5.84183705e-01],\n",
       "       [1.09235975e-02, 9.92524818e-02, 8.89823921e-01],\n",
       "       [7.93938820e-02, 1.65970893e-01, 7.54635225e-01],\n",
       "       [9.10048484e-02, 7.98908650e-01, 1.10086502e-01],\n",
       "       [9.14205587e-01, 3.82025022e-02, 4.75919105e-02],\n",
       "       [8.81955455e-01, 8.44645214e-02, 3.35800234e-02],\n",
       "       [8.14906115e-03, 5.23474983e-01, 4.68375956e-01],\n",
       "       [8.49500295e-01, 8.93998747e-02, 6.10998302e-02],\n",
